let DATABASE = {};

DATABASE.daily = `
YR  MO DA    IMG TITL                        TXT
30  12 30
30  12 29
30  12 28
30  12 27
30  12 26
30  12 25
30  12 23
30  12 22
30  12 21
30  12 20

30  12 19
30  12 18
30  12 17
30  12 16
30  12 15
30  12 13
30  12 12
30  12 11

30  12 10
30  12 09
30  12 08
30  12 07
30  12 06
30  12 05
30  12 03
30  12 02
30  12 01

30  11 30
30  11 29
30  11 28
30  11 27
30  11 26
30  11 25
30  11 23
30  11 22
30  11 21
30  11 20

30  11 19
30  11 18
30  11 17
30  11 16
30  11 15
30  11 13
30  11 12
30  11 11

30  11 10
30  11 09
30  11 08
30  11 07
30  11 06
30  11 05
30  11 03
30  11 02
30  11 01

30  10 30
30  10 29
30  10 28
30  10 27
30  10 26
30  10 25
30  10 23
30  10 22
30  10 21
30  10 20

30  10 19
30  10 18
30  10 17
30  10 16
30  10 15
30  10 13
30  10 12
30  10 11

30  10 10
30  10 09
30  10 08
30  10 07
30  10 06
30  10 05
30  10 03
30  10 02
30  10 01

30  09 30
30  09 29
30  09 28
30  09 27
30  09 26
30  09 25
30  09 23
30  09 22
30  09 21
30  09 20

30  09 19
30  09 18
30  09 17
30  09 16
30  09 15
30  09 13
30  09 12
30  09 11

30  09 10
30  09 09
30  09 08
30  09 07
30  09 06
30  09 05
30  09 03
30  09 02
30  09 01

30  08 30
30  08 29
30  08 28
30  08 27
30  08 26
30  08 25
30  08 23
30  08 22
30  08 21
30  08 20

30  08 19
30  08 18
30  08 17
30  08 16
30  08 15
30  08 13
30  08 12
30  08 11
 
30  08 10
30  08 09
30  08 08
30  08 07
30  08 06
30  08 05
30  08 03
30  08 02
30  08 01
 
30  07 30
30  07 29
30  07 28
30  07 27
30  07 26
30  07 25
30  07 23
30  07 22
30  07 21
30  07 20
 
30  07 19
30  07 18
30  07 17
30  07 16
30  07 15
30  07 13
30  07 12
30  07 11
 
30  07 10
30  07 09
30  07 08
30  07 07
30  07 06
30  07 05
30  07 03
30  07 02
30  07 01
 
30  06 30
30  06 29
30  06 28
30  06 27
30  06 26
30  06 25
30  06 23
30  06 22
30  06 21
30  06 20
 
30  06 19
30  06 18
30  06 17
30  06 16
30  06 15
30  06 13
30  06 12
30  06 11
 
30  06 10
30  06 09
30  06 08
30  06 07
30  06 06
30  06 05
30  06 03
30  06 02
30  06 01
 
30  05 30
30  05 29
30  05 28
30  05 27
30  05 26
30  05 25
30  05 23
30  05 22
30  05 21
30  05 20
 
30  05 19
30  05 18
30  05 17
30  05 16
30  05 15
30  05 13
30  05 12
30  05 11
 
30  05 10
30  05 09
30  05 08
30  05 07
30  05 06
30  05 05
30  05 03
30  05 02
30  05 01
 
30  04 30
30  04 29
30  04 28
30  04 27
30  04 26
30  04 25
30  04 23
30  04 22
30  04 21
30  04 20
 
30  04 19
30  04 18
30  04 17
30  04 16
30  04 15
30  04 13
30  04 12
30  04 11
 
30  04 10
30  04 09
30  04 08
30  04 07
30  04 06
30  04 05
30  04 03
30  04 02
30  04 01
 
30  03 30
30  03 29
30  03 28
30  03 27
30  03 26
30  03 25
30  03 23
30  03 22
30  03 21
30  03 20
 
30  03 19
30  03 18
30  03 17
30  03 16
30  03 15
30  03 13
30  03 12
30  03 11
 
30  03 10
30  03 09
30  03 08
30  03 07
30  03 06
30  03 05
30  03 03
30  03 02
30  03 01
 
30  02 30
30  02 29
30  02 28
30  02 27
30  02 26
30  02 25
30  02 23
30  02 22
30  02 21
30  02 20
 
30  02 19
30  02 18
30  02 17
30  02 16
30  02 15
30  02 13
30  02 12
30  02 11
 
30  02 10
30  02 09
30  02 08
30  02 07
30  02 06
30  02 05
30  02 03
30  02 02
30  02 01
 
30  01 30
30  01 29
30  01 28
30  01 27
30  01 26
30  01 25
30  01 23
30  01 22
30  01 21
 
30  01 20
30  01 19
30  01 18
30  01 17
30  01 16
30  01 15
30  01 13
30  01 12
30  01 11
 
30  01 10
30  01 09
30  01 08
30  01 07
30  01 06
30  01 05
30  01 03
30  01 02
30  01 10    000 What did you work on?       Description of work
`;